

                                    15
                                

                                    0
                                


                                    15
                                

                                    0
                                


                                    15
                                

                                    15
                                


                                    30
                                

                                    15
                                


                                    40
                                

                                    15
                                


                                    40
                                

                                    30
                                


                                    15
                                

                                    0
                                


                                    30
                                

                                    0
                                


                                    30
                                

                                    15
                                


                                    40
                                

                                    15
                                
